Tổng cost tối ưu: 9526
900
1 3
2 56
3 3
4 37
5 83
6 43
7 14
8 60
9 32
10 53
11 4
12 62
13 73
14 83
15 44
16 83
17 46
18 2
19 33
20 51
21 6
22 34
23 61
24 16
25 44
26 24
27 6
28 57
29 14
30 26
31 77
32 6
33 27
34 25
35 29
36 19
37 11
38 53
39 34
40 4
41 28
42 64
43 81
44 54
45 11
46 50
47 83
48 67
49 47
50 2
51 77
52 75
53 40
54 36
55 24
56 58
57 2
58 77
59 46
60 83
61 9
62 20
63 21
64 72
65 10
66 42
67 61
68 46
69 77
70 3
71 8
72 37
73 3
74 53
75 24
76 37
77 8
78 64
79 44
80 2
81 50
82 47
83 50
84 7
85 30
86 10
87 55
88 62
89 11
90 44
91 50
92 49
93 16
94 42
95 76
96 47
97 29
98 14
99 62
100 6
101 53
102 88
103 80
104 47
105 35
106 27
107 81
108 71
109 36
110 83
111 46
112 11
113 78
114 37
115 86
116 75
117 83
118 61
119 84
120 47
121 72
122 1
123 81
124 38
125 46
126 7
127 9
128 73
129 47
130 11
131 30
132 10
133 65
134 26
135 10
136 75
137 39
138 83
139 44
140 64
141 72
142 83
143 85
144 9
145 5
146 87
147 79
148 2
149 50
150 30
151 63
152 10
153 54
154 75
155 76
156 1
157 10
158 58
159 31
160 21
161 87
162 22
163 75
164 33
165 42
166 18
167 39
168 58
169 7
170 37
171 17
172 73
173 47
174 60
175 64
176 83
177 39
178 49
179 86
180 19
181 10
182 50
183 65
184 50
185 11
186 33
187 18
188 18
189 73
190 53
191 40
192 58
193 47
194 24
195 83
196 71
197 65
198 9
199 3
200 11
201 50
202 19
203 72
204 85
205 47
206 53
207 70
208 47
209 10
210 62
211 60
212 8
213 38
214 75
215 31
216 47
217 90
218 37
219 61
220 42
221 1
222 37
223 31
224 49
225 25
226 90
227 5
228 4
229 90
230 18
231 1
232 64
233 22
234 45
235 61
236 19
237 65
238 71
239 39
240 71
241 81
242 7
243 83
244 75
245 75
246 13
247 71
248 88
249 75
250 90
251 83
252 39
253 12
254 37
255 67
256 87
257 22
258 49
259 25
260 47
261 53
262 56
263 24
264 51
265 77
266 59
267 11
268 76
269 72
270 69
271 32
272 75
273 90
274 6
275 54
276 17
277 7
278 90
279 26
280 42
281 34
282 11
283 3
284 52
285 83
286 26
287 14
288 67
289 33
290 82
291 8
292 10
293 22
294 69
295 47
296 14
297 28
298 16
299 86
300 58
301 89
302 6
303 65
304 56
305 39
306 62
307 75
308 62
309 38
310 58
311 83
312 41
313 59
314 3
315 53
316 33
317 83
318 75
319 75
320 83
321 39
322 37
323 10
324 37
325 11
326 2
327 10
328 9
329 66
330 2
331 22
332 18
333 12
334 90
335 56
336 50
337 32
338 51
339 75
340 31
341 64
342 66
343 20
344 68
345 54
346 16
347 86
348 8
349 6
350 28
351 4
352 47
353 45
354 35
355 18
356 90
357 79
358 21
359 50
360 37
361 71
362 80
363 41
364 51
365 84
366 57
367 59
368 78
369 77
370 39
371 46
372 45
373 77
374 50
375 58
376 72
377 80
378 84
379 46
380 67
381 26
382 26
383 44
384 65
385 13
386 66
387 38
388 16
389 69
390 48
391 5
392 88
393 28
394 34
395 65
396 83
397 1
398 58
399 3
400 83
401 88
402 55
403 50
404 33
405 62
406 11
407 24
408 83
409 73
410 62
411 40
412 36
413 10
414 48
415 76
416 50
417 56
418 32
419 51
420 72
421 10
422 90
423 6
424 79
425 37
426 40
427 19
428 12
429 7
430 83
431 47
432 27
433 37
434 70
435 1
436 64
437 73
438 19
439 72
440 57
441 10
442 11
443 44
444 54
445 67
446 14
447 35
448 63
449 76
450 53
451 2
452 70
453 69
454 26
455 45
456 34
457 45
458 52
459 24
460 85
461 88
462 58
463 78
464 60
465 55
466 1
467 82
468 54
469 47
470 46
471 10
472 70
473 89
474 50
475 75
476 34
477 7
478 1
479 22
480 83
481 36
482 8
483 49
484 39
485 18
486 12
487 83
488 48
489 7
490 75
491 86
492 23
493 2
494 84
495 1
496 83
497 87
498 58
499 44
500 1
501 16
502 47
503 83
504 18
505 18
506 89
507 44
508 10
509 14
510 67
511 47
512 11
513 83
514 88
515 3
516 25
517 37
518 77
519 90
520 63
521 51
522 65
523 75
524 90
525 79
526 47
527 77
528 87
529 1
530 90
531 8
532 67
533 12
534 7
535 71
536 84
537 3
538 10
539 62
540 32
541 29
542 64
543 87
544 67
545 22
546 60
547 19
548 52
549 9
550 25
551 83
552 63
553 64
554 31
555 22
556 18
557 28
558 66
559 89
560 37
561 72
562 37
563 75
564 41
565 82
566 84
567 25
568 11
569 50
570 46
571 50
572 50
573 65
574 61
575 21
576 53
577 8
578 54
579 70
580 90
581 42
582 18
583 11
584 90
585 6
586 32
587 6
588 11
589 22
590 51
591 89
592 58
593 24
594 75
595 79
596 89
597 72
598 44
599 86
600 40
601 20
602 4
603 10
604 54
605 31
606 51
607 88
608 22
609 7
610 10
611 13
612 16
613 20
614 73
615 20
616 27
617 85
618 23
619 50
620 17
621 3
622 25
623 4
624 27
625 7
626 12
627 83
628 9
629 63
630 15
631 87
632 7
633 69
634 25
635 46
636 49
637 24
638 49
639 35
640 8
641 56
642 28
643 7
644 65
645 14
646 77
647 39
648 80
649 18
650 36
651 6
652 7
653 86
654 14
655 9
656 47
657 66
658 19
659 43
660 58
661 28
662 47
663 10
664 50
665 67
666 44
667 70
668 15
669 63
670 42
671 35
672 71
673 44
674 90
675 13
676 83
677 62
678 10
679 60
680 18
681 18
682 7
683 37
684 47
685 18
686 47
687 4
688 47
689 1
690 82
691 85
692 37
693 20
694 10
695 21
696 36
697 86
698 54
699 76
700 79
701 10
702 26
703 14
704 6
705 90
706 21
707 28
708 47
709 5
710 57
711 63
712 64
713 7
714 67
715 34
716 68
717 14
718 19
719 14
720 32
721 82
722 75
723 47
724 49
725 67
726 63
727 29
728 65
729 75
730 64
731 90
732 57
733 75
734 88
735 11
736 19
737 2
738 83
739 22
740 90
741 4
742 75
743 78
744 12
745 52
746 23
747 18
748 57
749 80
750 60
751 51
752 84
753 31
754 16
755 10
756 75
757 64
758 44
759 79
760 82
761 50
762 2
763 4
764 59
765 45
766 75
767 80
768 9
769 47
770 68
771 70
772 83
773 82
774 8
775 19
776 15
777 19
778 8
779 28
780 76
781 53
782 35
783 38
784 16
785 78
786 3
787 43
788 32
789 50
790 46
791 68
792 36
793 31
794 18
795 49
796 70
797 60
798 71
799 19
800 41
801 27
802 55
803 11
804 27
805 22
806 81
807 82
808 42
809 67
810 74
811 1
812 4
813 68
814 61
815 38
816 58
817 63
818 6
819 33
820 21
821 78
822 75
823 40
824 75
825 18
826 51
827 7
828 42
829 45
830 44
831 39
832 58
833 74
834 46
835 53
836 65
837 72
838 7
839 37
840 67
841 41
842 66
843 57
844 53
845 73
846 17
847 51
848 62
849 47
850 54
851 82
852 15
853 51
854 37
855 41
856 78
857 47
858 50
859 33
860 1
861 17
862 64
863 23
864 34
865 2
866 10
867 30
868 66
869 16
870 13
871 40
872 21
873 39
874 38
875 15
876 7
877 29
878 47
879 19
880 48
881 17
882 46
883 10
884 6
885 57
886 10
887 29
888 39
889 75
890 20
891 5
892 25
893 14
894 6
895 3
896 2
897 3
898 2
899 1
900 3
